////////////////////////////////////////////////////////////////
// WinDepth Stage Data
//
// Normal
//  StageNorma,StageEnemyMaxNum,Item,EnemyKind0,1,2,3,4
// Challange
//  AppearTime, EnemyKind, AppearXY(Y:0 to 32, X:0 to 15)
//                   , Vx, Vy, VChangeTime, NewVx, NewVy
//
//
// for Title----------------------------------------------------
Begin 0
  Normal
    99, 8,1, 3,8,2,0,0
End 0

// for NormalStage----------------------------------------------
Begin 1
  Normal
    18, 6,1, 3,6,0,0,0
End 1

Begin 2
  Normal
    24, 8,1, 3,5,1,0,0
End 2

Begin 4
  Normal
    36,16,1, 0,6,1,0,0
End 4

Begin 5
  Normal
    42,12,1, 2,4,3,0,0
End 5

Begin 7
  Normal
    60,26,1,20,0,1,0,0
End 7

Begin 8
  Normal
    55,24,1, 2,2,6,0,0
End 8

Begin 10
  Normal
    50,16,1, 1,6,0,4,0
End 10

Begin 11
  Normal
    60,20,1, 1,0,5,6,0
End 11

Begin 13
  Normal
    50,16,1, 3,8,1,0,2
End 13

Begin 14
  Normal
    65,24,1,12,0,2,0,4
End 14

Begin 16
  Normal
    75,22,1, 4,4,4,4,4
End 16

Begin 17
  Normal
    90,26,1, 1,1,6,6,8
End 17

// for Boss Stage-----------------------------------------------
Begin 19
  Boss
    50, 1,1
End 19

// for Challenging Stage----------------------------------------
Begin 3
  Challenge
    74,0, 4,-4, 0,  0, 0, 0
    70,0, 8,-4, 0,  0, 0, 0
    66,0,12,-4, 0,  0, 0, 0
    62,0,16,-4, 0,  0, 0, 0
    58,0,20,-4, 0,  0, 0, 0
    54,0,24,-4, 0,  0, 0, 0
    50,0,28,-4, 0,  0, 0, 0
//
   224,0, 4, 4, 0,  0, 0, 0
   220,0, 8, 4, 0,  0, 0, 0
   216,0,12, 4, 0,  0, 0, 0
   212,0,16, 4, 0,  0, 0, 0
   208,0,20, 4, 0,  0, 0, 0
   204,0,24, 4, 0,  0, 0, 0
   200,0,28, 4, 0,  0, 0, 0
//
   390,0,10,-6, 0,  0, 0, 0
   380,0,10,-6, 0,  0, 0, 0
   370,0,10,-6, 0,  0, 0, 0
   360,0,10,-6, 0,  0, 0, 0
   350,0,10,-6, 0,  0, 0, 0
   340,0,10,-6, 0,  0, 0, 0
   330,1,10,-6, 0,  0, 0, 0
//
   550,0,24, 6, 0,  0, 0, 0
   540,0,24, 6, 0,  0, 0, 0
   530,0,24, 6, 0,  0, 0, 0
   520,0,24, 6, 0,  0, 0, 0
   510,0,24, 6, 0,  0, 0, 0
   500,0,24, 6, 0,  0, 0, 0
   490,1,24, 6, 0,  0, 0, 0
//
   664,1, 4,-6, 0,  0, 0, 0
   664,1, 4, 6, 0,  0, 0, 0
   660,0, 8,-6, 0,  0, 0, 0
   660,0, 8, 6, 0,  0, 0, 0
   656,0,12,-6, 0,  0, 0, 0
   656,0,12, 6, 0,  0, 0, 0
   652,0,16,-6, 0,  0, 0, 0
   652,0,16, 6, 0,  0, 0, 0
   648,0,20,-6, 0,  0, 0, 0
   648,0,20, 6, 0,  0, 0, 0
   644,0,24,-6, 0,  0, 0, 0
   644,0,24, 6, 0,  0, 0, 0
   640,1,28,-6, 0,  0, 0, 0
   640,1,28, 6, 0,  0, 0, 0
End 3

Begin 6
 Challenge
    62,1, 4,-8, 0,  0, 0, 0
    58,1, 8,-8, 0,  0, 0, 0
    54,0,12,-8, 0,  0, 0, 0
    50,0,16,-8, 0,  0, 0, 0
    50,0,20,-8, 0,  0, 0, 0
    54,0,24,-8, 0,  0, 0, 0
    58,1,28,-8, 0,  0, 0, 0
    62,1,32,-8, 0,  0, 0, 0
//
   162,1, 4, 8, 0,  0, 0, 0
   158,1, 8, 8, 0,  0, 0, 0
   154,0,12, 8, 0,  0, 0, 0
   150,0,16, 8, 0,  0, 0, 0
   150,0,20, 8, 0,  0, 0, 0
   154,0,24, 8, 0,  0, 0, 0
   158,1,28, 8, 0,  0, 0, 0
   162,1,32, 8, 0,  0, 0, 0
//
   300,1,12, 4, 0,  0, 0, 0
   300,1,16, 4, 0,  0, 0, 0
   300,1,20, 4, 0,  0, 0, 0
   300,1,24, 4, 0,  0, 0, 0
   330,0, 8, 6, 0,  0, 0, 0
   330,0, 4, 6, 0,  0, 0, 0
   330,2,28, 6, 0,  0, 0, 0
   330,2,32, 6, 0,  0, 0, 0
   300,1,12,-4, 0,  0, 0, 0
   300,1,16,-4, 0,  0, 0, 0
   300,1,20,-4, 0,  0, 0, 0
   300,1,24,-4, 0,  0, 0, 0
   330,0, 8,-6, 0,  0, 0, 0
   330,0, 4,-6, 0,  0, 0, 0
   330,2,28,-6, 0,  0, 0, 0
   330,2,32,-6, 0,  0, 0, 0
//
   420,1,12,-2, 0,  0, 0, 0
   420,1,12, 2, 0,  0, 0, 0
   460,1,12,-2, 0,  0, 0, 0
   460,1,12, 2, 0,  0, 0, 0
   500,2,12,-2, 0,  0, 0, 0
   500,2,12, 2, 0,  0, 0, 0
   540,2,12,-2, 0,  0, 0, 0
   540,2,12, 2, 0,  0, 0, 0
   580,4,12,-2, 0,  0, 0, 0
   580,4,12, 2, 0,  0, 0, 0
   620,4,12,-2, 0,  0, 0, 0
   620,4,12, 2, 0,  0, 0, 0
End 6

Begin 9
 Challenge
    74,1,28, 6, 0,  0, 0, 0
    70,1,24, 6, 0,  0, 0, 0
    66,1,20, 6, 0,  0, 0, 0
    62,1,16, 6, 0,  0, 0, 0
    58,1,12, 6, 0,  0, 0, 0
    54,1, 8, 6, 0,  0, 0, 0
    50,1, 4, 6, 0,  0, 0, 0
//
   174,1,28,-6, 0,  0, 0, 0
   170,1,24,-6, 0,  0, 0, 0
   166,1,20,-6, 0,  0, 0, 0
   162,1,16,-6, 0,  0, 0, 0
   158,1,12,-6, 0,  0, 0, 0
   154,1, 8,-6, 0,  0, 0, 0
   150,1, 4,-6, 0,  0, 0, 0
//
   280,1, 4, 6, 0,  0, 0, 0
   280,2, 8,-6, 0,  0, 0, 0
   280,1,12, 6, 0,  0, 0, 0
   280,2,16,-6, 0,  0, 0, 0
   280,1,20, 6, 0,  0, 0, 0
   280,2,24,-6, 0,  0, 0, 0
   280,1,28, 6, 0,  0, 0, 0
   280,2,32,-6, 0,  0, 0, 0
//
   500,2,24, 8, 0,  0, 0, 0
   500,0, 6,-8, 0,  0, 0, 0
   490,2,24, 8, 0,  0, 0, 0
   490,0, 6,-8, 0,  0, 0, 0
   480,2,24, 8, 0,  0, 0, 0
   480,0, 6,-8, 0,  0, 0, 0
   470,2,24, 8, 0,  0, 0, 0
   470,0, 6,-8, 0,  0, 0, 0
   460,2,24, 8, 0,  0, 0, 0
   460,0, 6,-8, 0,  0, 0, 0
   450,2,24, 8, 0,  0, 0, 0
   450,0, 6,-8, 0,  0, 0, 0
   440,2,24, 8, 0,  0, 0, 0
   440,0, 6,-8, 0,  0, 0, 0
//
   624,2,28,-6, 0,  0, 0, 0
   624,2,28, 6, 0,  0, 0, 0
   620,2,24,-6, 0,  0, 0, 0
   620,2,24, 6, 0,  0, 0, 0
   616,2,20,-6, 0,  0, 0, 0
   616,2,20, 6, 0,  0, 0, 0
   612,2,16,-6, 0,  0, 0, 0
   612,2,16, 6, 0,  0, 0, 0
   608,2,12,-6, 0,  0, 0, 0
   608,2,12, 6, 0,  0, 0, 0
   604,2, 8,-6, 0,  0, 0, 0
   604,2, 8, 6, 0,  0, 0, 0
   600,2, 4,-6, 0,  0, 0, 0
   600,2, 4, 6, 0,  0, 0, 0
End 9

Begin 12
  Challenge
    86,2, 4,-4, 0, 60,-8, 0
    80,2, 8,-4, 0, 60,-8, 0
    74,2,12,-4, 0, 60,-8, 0
    68,2,16,-4, 0, 60,-8, 0
    62,2,20,-4, 0, 60,-8, 0
    56,2,24,-4, 0, 60,-8, 0
    50,2,28,-4, 0, 60,-8, 0
//
   236,2, 4, 4, 0, 60, 8, 0
   230,2, 8, 4, 0, 60, 8, 0
   224,2,12, 4, 0, 60, 8, 0
   218,2,16, 4, 0, 60, 8, 0
   212,2,20, 4, 0, 60, 8, 0
   206,2,24, 4, 0, 60, 8, 0
   200,2,28, 4, 0, 60, 8, 0
//
   330,2, 4, 4, 0,  0, 0, 0
   380,4, 8, 8, 0,  0, 0, 0
   330,2,12, 4, 0,  0, 0, 0
   380,4,16, 8, 0,  0, 0, 0
   330,2,20, 4, 0,  0, 0, 0
   380,4,24, 8, 0,  0, 0, 0
   330,2,28, 4, 0,  0, 0, 0
   380,4,32, 8, 0,  0, 0, 0
//
   500,2, 4,-4, 0,  0, 0, 0
   550,4, 8,-8, 0,  0, 0, 0
   500,2,12,-4, 0,  0, 0, 0
   550,4,16,-8, 0,  0, 0, 0
   500,2,20,-4, 0,  0, 0, 0
   550,4,24,-8, 0,  0, 0, 0
   500,2,28,-4, 0,  0, 0, 0
   550,4,32,-8, 0,  0, 0, 0
//
   676,0, 4,-4, 0, 60,-2, 0
   676,0, 4, 4, 0, 60, 2, 0
   670,1, 8,-4, 0, 60,-2, 0
   670,1, 8, 4, 0, 60, 2, 0
   664,1,12,-4, 0,  0, 0, 0
   664,1,12, 4, 0,  0, 0, 0
   658,2,16,-4, 0,  0, 0, 0
   658,2,16, 4, 0,  0, 0, 0
   652,2,20,-4, 0,  0, 0, 0
   652,2,20, 4, 0,  0, 0, 0
   646,4,24,-4, 0, 60,-8, 0
   646,4,24, 4, 0, 60, 8, 0
   640,4,28,-4, 0, 60,-8, 0
   640,4,28, 4, 0, 60, 8, 0
End 12

Begin 15
  Challenge
   122,3, 5, 0,-4, 70, 6, 2
   116,3, 6, 0,-4, 70, 6, 2
   110,3, 7, 0,-4, 70, 6, 2
   104,3, 8, 0,-4, 70, 6, 2
    98,3, 9, 0,-4, 70, 6, 2
    92,3,10, 0,-4, 70, 6, 2
    86,3,11, 0,-4, 70, 6, 2
    80,3,12, 0,-4, 70, 6, 2
//
   262,3,10, 0,-4, 70,-6, 2
   256,3, 9, 0,-4, 70,-6, 2
   250,3, 8, 0,-4, 70,-6, 2
   244,3, 7, 0,-4, 70,-6, 2
   238,3, 6, 0,-4, 70,-6, 2
   232,3, 5, 0,-4, 70,-6, 2
   226,3, 4, 0,-4, 70,-6, 2
   220,3, 3, 0,-4, 70,-6, 2
//
   406,3,12,-2,-4, 60, 4, 4
   406,3,13,-2,-4, 60, 4, 4
   406,3,14,-2,-4, 60, 4, 4
   406,3,15,-2,-4, 60, 4, 4
   400,3,12,-2,-4, 66, 4, 4
   400,3,13,-2,-4, 66, 4, 4
   400,3,14,-2,-4, 66, 4, 4
   400,3,15,-2,-4, 66, 4, 4
   406,3, 3, 2,-4, 60,-4, 4
   406,3, 2, 2,-4, 60,-4, 4
   406,3, 1, 2,-4, 60,-4, 4
   406,3, 0, 2,-4, 60,-4, 4
   400,3, 3, 2,-4, 66,-4, 4
   400,3, 2, 2,-4, 66,-4, 4
   400,3, 1, 2,-4, 66,-4, 4
   400,3, 0, 2,-4, 66,-4, 4
//
   550,3,10, 0,-3, 95, 0, 2
   550,3, 5, 0,-3, 95, 0, 2
   650,2, 8, 6, 0,  0, 0, 0
   640,2, 8, 6, 0,  0, 0, 0
   630,2, 8, 6, 0,  0, 0, 0
   620,2, 8, 6, 0,  0, 0, 0
   610,2, 8, 6, 0,  0, 0, 0
   600,4, 8, 6, 0,  0, 0, 0
   650,2,14,-6, 0,  0, 0, 0
   640,2,14,-6, 0,  0, 0, 0
   630,2,14,-6, 0,  0, 0, 0
   620,2,14,-6, 0,  0, 0, 0
   610,2,14,-6, 0,  0, 0, 0
   600,4,14,-6, 0,  0, 0, 0
//
End 15

Begin 18
 Challenge
    54,9,12,-6,-1, 60, 8, 0
    52,9,16,-6,-1, 60, 8, 0
    50,9,20,-6,-1, 60, 8, 0
    50,9,24,-6,-1, 60, 8, 0
    52,9,28,-6,-1, 60, 8, 0
    54,9,32,-6,-1, 60, 8, 0
//
   184,9,12, 6,-1, 40,-8, 0
   182,9,16, 6,-1, 42, 8, 0
   180,9,20, 6,-1, 44,-8, 0
   180,9,24, 6,-1, 44, 8, 0
   182,9,28, 6,-1, 42,-8, 0
   184,9,32, 6,-1, 40, 8, 0
//
   360,4, 4, 8, 0,  0, 0, 0
   360,4, 8, 8, 0,  0, 0, 0
   340,4,12, 6, 0,  0, 0, 0
   300,4,16, 4, 0,  0, 0, 0
   300,4,20, 4, 0,  0, 0, 0
   340,4,24, 6, 0,  0, 0, 0
   360,4,28, 8, 0,  0, 0, 0
   360,4,32, 8, 0,  0, 0, 0
//
   560,4, 4,-8, 0,  0, 0, 0
   560,4, 8,-8, 0,  0, 0, 0
   540,4,12,-6, 0, 30,-4, 0
   500,4,16,-4, 0, 60,-2, 0
   500,4,20,-4, 0, 60,-2, 0
   540,4,24,-6, 0, 30,-4, 0
   560,4,28,-8, 0,  0, 0, 0
   560,4,32,-8, 0,  0, 0, 0
//
   740,9, 4, 6, 0, 70,-6, 3
   740,9, 4,-6, 0, 70, 6, 3
   740,9,12, 6, 0, 70,-6, 1
   740,9,12,-6, 0, 70, 6, 1
   740,9,20, 6, 0, 70,-6,-1
   740,9,20,-6, 0, 70, 6,-1
   740,9,28, 6, 0, 70,-6,-3
   740,9,28,-6, 0, 70, 6,-3
End 18

Begin 20
  Challenge
    20,4,16,-6, 0, 70, 0, 0
    20,4,12, 6, 0, 70, 0, 0
    37,4,16,-6, 0, 53, 0, 0
    37,4,12, 6, 0, 53, 0, 0
    54,4,16,-6, 0, 36, 0, 0
    54,4,12, 6, 0, 36, 0, 0
//
   116,9, 4, 8, 0, 49, 0, 0
   122,9, 4, 8, 0, 43, 0, 0
   120,9, 4,-8, 0, 45, 0, 0
   126,9, 4,-8, 0, 39, 0, 0
   116,9,24, 8, 0, 49, 0, 0
   122,9,24, 8, 0, 43, 0, 0
   120,9,24,-8, 0, 45, 0, 0
   126,9,24,-8, 0, 39, 0, 0
//
   180,3, 4, 0,-4, 61, 0, 0
   180,3, 5, 0,-4, 61, 0, 0
   180,3,10, 0,-4, 61, 0, 0
   180,3,11, 0,-4, 61, 0, 0
   200,3, 4, 0,-4, 36, 0, 0
   200,3, 5, 0,-4, 36, 0, 0
   200,3,10, 0,-4, 36, 0, 0
   200,3,11, 0,-4, 36, 0, 0
//
   260,2, 8,-6, 0, 44, 0, 0
   260,2,20,-6, 0, 44, 0, 0
   260,2, 8, 6, 0, 44, 0, 0
   260,2,20, 6, 0, 44, 0, 0
//
   320,4,16, 6, 0, 70, 0, 0
   320,4,12,-6, 0, 70, 0, 0
   337,4,16, 6, 0, 53, 0, 0
   337,4,12,-6, 0, 53, 0, 0
   354,4,16, 6, 0, 36, 0, 0
   354,4,12,-6, 0, 36, 0, 0
End 20

////////////////////////////////////////////////////////////////
